15140359
0 0.0439433 -0.0440686 1.70053 2 489.007 298.484 260.804 216.337
1 0.0487333 0.218847 1.64761 2 491.58 218.974 262.176 158.709
2 0.0529862 0.471548 1.58372 2 494.334 135.606 263.645 98.2857
3 0.065417 0.601984 1.52855 2 500.794 86.7615 267.09 62.8835
4 -0.109278 0.376344 1.58962 2 424.483 166.52 226.391 120.691
5 -0.319346 0.293775 1.60111 2 335.091 193.222 178.715 140.044
6 -0.36535 0.106478 1.59724 2 315.237 252.022 168.127 182.662
7 -0.363653 0.0225586 1.59542 2 315.835 278.418 168.445 201.793
8 0.223735 0.376149 1.60041 2 567.018 167.28 302.41 121.242
9 0.439281 0.273741 1.6372 2 655.122 201.294 349.399 145.895
10 0.476807 0.0870573 1.59881 2 675.522 258.102 360.279 187.069
11 0.469595 0.0117541 1.58344 2 674.345 281.784 359.651 204.233
12 -0.021449 -0.0404428 1.67069 2 462.715 297.629 246.781 215.717
13 -0.173384 -0.364852 1.62712 2 398.649 398.235 212.613 288.635
14 -0.208961 -0.691603 1.84489 2 393.763 474.702 210.007 344.057
15 -0.234686 -0.738313 1.78117 2 381.038 494.801 203.22 358.625
16 0.107808 -0.0460096 1.66931 2 515.358 299.312 274.857 216.938
17 0.242594 -0.383226 1.59896 2 575.202 406.135 306.774 294.361
18 0.343869 -0.729908 1.82851 2 600.476 487.065 320.254 353.018
19 0.367755 -0.759038 1.74529 2 615.987 505.053 328.526 366.055
20 0.0520133 0.409846 1.60152 2 493.634 156.842 263.272 113.677
21 -0.361021 -0.0335844 1.60067 2 317.477 296.06 169.321 214.58
22 -0.319699 0.0128574 1.60828 2 335.863 281.509 179.127 204.034
23 0.460647 -0.0441815 1.58071 2 670.799 299.591 357.759 217.139
24 0.501626 0.0085875 1.56456 2 690.958 282.756 368.511 204.937
3
0
-0.00850668 0.00982069 0.994997 -0.0990551
0.00461113 0.00851399 0.995023 -0.099176
0.0172433 0.00521144 0.989981 -0.140047
0 0 0 0
0.0466254 0.767086 -0.629607 0.114017
0.00399972 0.825306 -0.563305 -0.0392619
0.100185 0.480899 -0.0670319 0.86845
-0.0141483 0.495984 -0.00439576 0.868205
0.0685629 0.767123 0.631682 -0.0883132
-0.0285897 0.823056 0.535836 0.18612
-0.136942 0.828358 0.0269145 0.542536
-0.0575384 0.828683 -0.0944652 0.548681
0.0860753 -0.656405 0.719569 -0.209628
0.213255 -0.550512 0.0709465 0.804006
-0.135658 -0.574101 0.259285 0.764706
0 0 0 0
-0.0985261 0.681896 0.690395 -0.220603
-0.202919 0.662959 0.0548802 0.718539
0.0750315 0.584395 0.29886 0.75069
0 0 0 0
0.0175932 0.00631089 0.99281 -0.118236
0 0 0 0
0 0 0 0
0 0 0 0
0 0 0 0
